[
	{
		"studentid":"053638463",
		"subjectname":"math",
		"points":5,
		"fullname":"שרון מזרחי",
		"bio":"Hi Im 11th grader",
		"profile_img":
		{
			"type":"Buffer",
			"data":[137,80,78,71,13,10,26,10,0,0,0,13,73,72,68,82,0,0,0,200,0,0,0,150,8,6,0,0,0,155,220,199,25,0,0,0,4,103,65,77,65,0,0,177,143,11,252,97,5,0,0,0,32,99,72,82,77,0,0,122,38,0,0,128,132,0,0,250,0,0,0,128,232,0,0,117,48,0,0,234,96,0,0,58,152,0,0,23,112,156,186,81,60,0,0,0,6,98,75,71,68,0,255,0,255,0,255,160,189,167,147,0,0,0,7,116,73,77,69,7,223,8,17,9,52,25,39,249,31,217,0,0,30,30,73,68,65,84,120,218,237,93,9,120,92,213,117,126,178,44,219,108,102,95,2,56,27,105,146,98,3,222,45,91,51,239,141,198,38,120,105,27,26,10,6,62,168,75,10,133,56,9,105,147,198,224,180,132,180,134,198,36,196,198,150,45,105,230,141,37,27,179,56,56,208,164,36,132,64,147,210,4,179,133,173,132,132,132,80,224,163,120,193,171,100,105,102,222,179,108,169,231,220,251,63,113,145,87,109,51,119,164,115,190,239,126,130,177,52,239,190,179,220,123,246,227,56,2,2,2,2,2,2,2,2,2,2,2,2,2,2,2,2,2,2,2,2,2,2,2,2,2,2,2,2,2,2,2,2,2,2,2,197,134,216,138,38,231,79,111,126,198,241,210,249,161,158,31,156,64,235,35,137,76,56,129,214,76,90,87,208,154,79,235,27,180,22,209,90,76,107,9,173,239,225,191,23,225,223,230,227,119,249,111,38,240,119,168,239,162,239,228,239,230,103,8,8,88,15,137,186,86,135,24,151,133,161,156,126,158,66,204,60,145,214,85,180,110,163,181,158,214,115,180,222,166,181,139,86,27,173,142,110,174,54,252,237,219,248,174,245,248,110,126,198,68,126,38,158,173,246,34,32,80,252,27,162,190,197,153,186,178,185,140,152,114,36,110,6,62,237,215,210,122,9,204,220,110,48,56,255,119,150,214,102,90,191,165,181,129,214,163,180,214,209,106,160,149,162,85,131,149,194,103,235,240,59,27,240,55,155,241,29,93,191,119,23,158,185,22,123,224,155,102,36,239,141,247,40,32,80,48,136,167,243,206,84,125,91,28,159,200,4,46,84,161,39,105,237,52,24,119,31,173,173,180,158,165,117,15,173,91,188,76,56,151,126,198,232,239,62,69,127,119,58,253,60,206,245,243,195,220,116,80,94,85,215,90,54,169,102,135,115,237,154,188,90,252,223,252,25,255,27,255,14,255,46,173,211,245,223,210,119,232,239,186,5,223,253,44,158,181,207,16,152,29,216,211,34,222,35,239,149,247,204,123,23,16,232,123,245,169,118,187,227,101,246,56,110,58,95,225,101,130,243,136,241,22,226,84,223,109,48,229,78,124,118,103,66,49,112,112,30,219,10,174,31,12,73,166,246,58,177,76,182,239,110,46,250,46,254,78,254,110,126,70,66,239,105,46,158,189,161,139,176,238,198,103,11,121,239,250,29,246,168,119,18,16,232,21,76,173,205,58,211,27,218,232,182,200,31,71,12,54,27,39,246,102,67,40,248,228,254,9,173,175,36,252,128,213,154,227,227,233,22,58,249,179,5,223,43,63,147,159,173,110,54,218,139,218,147,222,219,86,67,88,54,227,29,102,243,59,241,187,241,59,10,8,116,11,170,210,57,39,185,138,5,35,56,17,70,240,99,208,253,153,201,114,180,158,162,181,128,78,238,177,244,59,71,77,111,108,39,123,164,217,34,219,168,217,225,61,241,222,120,143,122,175,106,207,57,188,67,22,239,116,21,191,35,191,43,191,179,128,192,161,5,163,118,183,147,32,245,67,219,23,225,149,180,158,160,21,130,169,182,241,233,75,250,255,28,102,170,241,141,89,199,205,4,214,191,19,239,145,247,10,97,159,131,27,100,27,222,41,196,59,94,169,223,121,143,194,129,128,192,126,0,23,237,48,196,27,216,115,20,128,137,54,210,90,70,107,50,169,37,195,18,126,232,156,159,9,75,238,253,120,207,188,119,245,14,244,46,120,167,141,120,199,0,239,60,147,113,192,184,16,16,128,238,158,115,42,87,238,96,1,25,77,12,146,161,213,4,166,217,194,46,87,207,15,199,186,41,29,95,24,72,135,129,126,167,112,44,220,202,91,240,206,252,238,25,198,5,227,196,21,181,107,240,66,60,19,234,91,67,199,48,56,118,240,6,152,164,149,214,253,244,249,20,55,29,14,37,38,26,192,183,102,232,232,119,12,166,240,59,227,221,59,128,139,249,140,27,143,84,180,120,38,20,134,25,84,234,84,58,112,70,56,139,88,56,46,32,70,120,8,186,56,123,122,158,33,163,246,115,108,220,122,172,146,44,30,248,140,193,239,232,233,195,130,13,250,207,105,28,40,92,48,78,30,98,28,41,92,165,69,237,26,60,182,134,159,31,78,196,159,71,235,143,134,1,126,59,253,219,153,73,50,84,227,131,80,181,224,119,78,106,7,197,153,140,11,195,144,103,28,205,99,156,137,109,50,128,161,170,182,197,73,232,147,242,52,250,185,212,112,219,62,69,39,232,12,215,15,202,133,1,96,159,48,46,8,39,112,13,71,110,225,165,192,157,194,165,192,64,82,35,82,173,142,183,106,31,19,127,12,17,248,17,35,47,106,5,125,118,118,245,170,208,137,213,139,112,68,192,184,96,156,48,110,24,71,70,254,215,35,140,67,198,37,227,84,96,128,156,136,19,150,54,59,9,63,72,18,129,95,49,92,183,215,187,126,126,132,151,17,193,56,40,238,50,124,155,228,71,48,174,12,151,240,43,140,75,198,169,220,184,37,14,68,92,39,150,110,29,130,60,165,119,64,224,151,18,126,152,116,211,65,153,8,199,17,10,9,225,138,113,134,140,225,14,224,114,46,227,150,113,44,80,170,198,56,215,71,100,194,235,136,152,219,65,216,199,233,255,71,43,91,68,132,163,91,66,162,113,166,112,247,56,112,185,157,113,27,213,160,8,148,154,161,153,206,87,16,17,191,132,224,87,187,170,173,208,58,181,83,85,47,9,122,221,118,114,16,206,18,42,26,175,112,184,14,56,101,220,126,73,101,8,139,144,148,214,205,1,225,216,141,58,137,6,85,229,231,75,192,171,247,248,85,198,251,41,40,232,218,7,28,127,73,110,146,18,177,57,170,180,205,113,29,78,55,38,96,74,37,234,9,241,250,12,18,58,3,225,68,84,62,50,142,155,88,221,170,18,155,196,238,155,99,230,154,189,14,12,242,200,230,104,72,40,225,144,155,163,239,133,68,169,91,39,226,38,233,0,206,231,50,13,228,38,177,77,56,234,91,156,68,67,91,228,202,141,188,85,156,79,117,170,16,171,159,213,89,194,49,242,184,180,119,139,105,64,180,112,165,22,222,14,224,160,22,34,228,231,25,113,142,199,148,49,41,194,81,16,117,11,134,251,99,81,156,4,180,144,224,171,69,167,216,105,40,47,101,2,189,24,185,114,221,148,232,195,253,110,247,17,142,13,23,240,139,160,193,79,152,38,114,123,23,93,56,242,81,226,225,210,206,8,185,31,38,171,117,131,5,65,80,161,132,132,112,205,56,71,48,49,138,184,47,213,9,142,66,135,226,8,71,58,112,146,13,123,28,100,229,102,81,111,125,253,212,229,42,173,68,16,84,132,155,124,178,42,89,86,105,41,57,208,100,30,211,72,82,229,11,125,98,213,102,35,187,227,2,35,101,125,133,155,145,220,170,162,10,9,167,165,100,84,238,214,138,40,85,30,52,82,52,19,40,32,33,80,9,248,80,103,202,186,31,140,178,245,230,224,19,148,116,117,110,201,115,18,173,241,180,223,191,68,21,35,247,215,186,21,77,224,190,138,219,112,6,169,42,159,226,102,113,186,121,92,105,49,22,98,36,163,140,84,249,135,162,202,68,129,2,233,187,201,187,219,29,48,24,247,171,221,70,6,226,133,137,85,161,19,183,204,40,55,82,94,42,209,212,237,121,52,117,219,119,136,30,188,220,64,97,19,58,35,222,69,235,98,46,98,242,210,74,192,172,167,15,211,128,105,161,104,162,139,174,152,70,243,153,102,98,23,22,132,233,194,168,174,35,82,173,110,143,167,243,67,108,98,158,120,93,142,152,132,171,243,194,179,224,64,216,102,180,36,221,6,111,207,79,145,211,116,55,90,241,252,144,214,47,241,94,187,141,102,111,123,208,151,247,78,186,89,42,189,20,119,86,9,156,73,203,66,139,105,20,112,155,211,33,168,76,140,84,173,49,158,4,108,11,114,34,15,67,247,17,70,252,211,244,217,89,54,9,71,236,206,119,163,26,239,143,27,177,129,28,4,226,90,142,17,16,163,156,76,239,49,220,245,243,229,244,115,136,90,190,26,145,112,44,253,237,89,44,8,48,118,89,112,254,151,214,94,35,90,125,15,253,158,71,203,234,4,65,184,223,249,128,120,26,123,207,184,210,82,168,63,85,43,29,16,164,53,11,121,86,89,221,100,96,143,99,83,254,15,116,240,99,104,127,247,25,181,19,159,215,204,207,2,126,248,83,84,247,2,86,157,29,135,146,192,124,148,255,30,125,171,162,174,35,220,156,186,158,158,117,174,87,179,195,241,82,246,213,208,51,77,152,54,104,4,145,5,205,102,41,131,93,188,90,253,118,34,29,15,70,97,38,185,79,117,31,177,228,218,118,137,73,225,89,227,212,139,127,161,149,231,177,4,196,224,151,204,88,219,115,87,103,172,182,201,169,214,109,80,249,118,153,5,85,44,107,52,84,184,65,9,164,133,39,51,212,225,163,140,195,226,81,166,161,220,34,125,141,104,68,107,73,245,184,18,237,104,182,16,146,43,213,103,139,182,88,162,250,229,88,231,246,104,253,2,42,17,219,16,43,233,243,138,190,48,78,227,239,11,32,9,67,120,41,198,30,180,195,168,95,75,194,115,14,39,16,218,212,14,149,105,131,61,87,162,57,93,8,26,138,193,222,215,106,11,173,147,208,71,150,79,162,26,82,85,202,109,184,61,180,203,57,127,52,186,169,111,54,212,170,5,180,231,147,251,250,100,79,144,138,230,233,134,10,103,98,84,219,46,60,243,57,218,75,252,242,255,232,112,108,138,94,163,57,93,57,58,56,118,40,26,50,45,229,22,233,75,93,86,217,30,87,195,101,184,145,144,62,206,179,160,219,31,42,236,78,70,96,44,192,205,241,99,58,37,39,145,202,85,214,159,140,170,14,141,116,126,40,233,248,28,83,121,13,204,247,38,173,207,186,236,18,182,232,38,209,78,139,112,28,210,80,218,64,75,71,106,71,250,204,246,80,243,57,34,143,208,50,82,55,138,238,214,69,176,242,84,140,61,99,85,167,133,214,183,233,179,147,85,13,119,1,12,231,120,58,235,204,88,221,193,12,200,61,118,255,11,248,225,24,202,95,141,91,190,213,154,186,12,229,246,77,41,21,116,89,148,109,205,52,21,91,164,183,183,199,202,214,200,246,152,3,195,116,43,58,147,219,224,48,56,6,21,117,145,87,233,11,110,58,40,184,27,83,5,230,180,176,178,183,235,97,236,231,93,90,23,177,113,31,79,217,17,137,135,22,48,25,52,204,130,166,138,198,2,61,21,16,50,228,16,137,190,7,132,95,75,39,79,81,253,255,252,236,89,247,116,48,177,111,68,16,111,55,49,232,117,197,188,213,166,213,53,69,198,240,40,196,91,24,87,191,161,155,76,165,253,79,171,125,195,22,77,160,2,55,46,239,239,30,166,173,24,235,189,60,117,48,19,144,213,134,188,167,7,192,56,227,83,187,138,171,79,179,199,40,19,190,14,66,223,166,108,129,34,171,11,85,245,157,94,46,30,244,249,194,251,85,149,249,99,108,80,101,152,102,184,69,230,192,5,190,9,180,21,70,239,233,137,83,189,74,165,179,47,4,177,55,32,217,175,104,123,58,231,206,223,71,68,190,6,123,122,149,79,109,91,12,98,54,122,171,213,254,130,217,200,249,34,70,12,216,37,172,236,21,59,110,17,229,141,220,0,252,45,172,86,41,57,98,139,244,212,8,62,1,73,123,140,204,5,197,70,38,119,64,159,222,160,26,67,124,7,123,90,29,171,203,89,149,7,134,116,156,161,134,125,244,35,29,80,13,172,216,27,14,189,5,216,219,147,76,99,201,244,237,185,122,229,193,59,244,30,169,48,99,139,125,29,187,68,224,139,239,86,246,199,74,16,120,201,244,53,109,142,155,10,172,195,29,221,28,213,192,221,22,50,136,199,216,210,217,5,174,241,177,138,166,106,127,138,198,194,240,221,59,105,242,78,82,159,212,139,140,26,231,162,159,130,170,180,84,159,128,119,96,95,254,148,165,77,101,182,85,204,65,149,57,5,189,116,217,5,125,153,45,76,136,189,29,101,244,16,88,196,180,150,210,220,238,35,145,11,162,126,5,36,126,69,79,159,45,110,82,222,36,255,157,200,6,249,98,212,235,151,110,149,163,92,63,176,238,128,225,236,96,218,223,131,216,231,77,188,239,201,53,59,44,216,91,14,73,140,42,243,128,247,246,43,85,80,37,118,72,119,85,132,112,2,226,11,59,233,74,158,104,203,9,136,189,205,128,39,230,77,206,182,245,44,83,17,152,217,170,86,182,148,25,101,1,119,36,27,218,84,62,151,69,106,214,68,56,18,118,128,214,194,248,71,2,49,36,229,161,98,80,123,175,50,193,241,182,24,114,58,67,53,252,48,6,93,114,226,228,236,132,133,2,178,174,67,217,74,117,192,225,157,211,27,219,172,169,184,84,14,152,140,202,204,142,188,89,243,85,31,173,148,76,213,61,60,242,56,56,168,211,18,162,128,210,247,146,171,237,105,103,233,170,17,101,170,104,43,170,135,95,84,77,167,179,151,206,91,37,32,93,112,184,136,109,167,170,218,156,53,251,99,154,50,109,163,0,48,239,215,147,160,97,143,12,204,203,109,58,161,57,117,3,134,250,87,65,220,95,208,105,120,172,85,201,129,186,95,216,48,35,170,254,21,219,110,57,104,9,151,131,198,47,49,205,197,14,57,114,196,77,68,26,247,86,142,182,218,230,39,71,126,216,84,250,217,140,61,158,111,19,3,26,61,115,255,135,235,224,201,70,186,216,58,53,80,171,89,231,33,55,107,23,104,46,2,112,132,2,114,53,78,190,103,85,32,201,183,210,141,202,157,205,159,195,62,175,101,207,76,108,197,14,59,112,168,58,175,135,23,160,134,125,59,217,76,99,109,107,152,0,28,158,128,194,175,142,40,5,94,224,80,250,125,186,149,212,23,165,155,222,214,153,208,230,219,213,177,68,239,51,239,252,217,58,101,4,47,239,140,168,147,14,109,75,226,29,14,153,171,176,183,23,184,73,132,141,2,130,206,39,81,34,234,109,76,123,230,1,129,67,25,232,233,28,251,239,215,3,105,183,176,190,239,90,232,221,0,19,206,133,14,253,27,98,192,211,109,96,66,206,199,154,84,179,189,204,240,96,101,170,84,211,58,187,4,132,105,10,91,238,22,236,115,189,71,180,23,67,253,200,174,221,72,117,185,220,214,107,23,238,222,79,163,74,142,83,58,226,54,236,21,251,58,29,246,7,227,240,175,121,95,149,245,121,91,15,153,203,59,75,134,45,84,167,109,20,144,143,16,178,222,70,129,84,204,94,1,233,44,154,250,57,8,124,163,34,120,170,181,248,76,231,171,216,12,7,50,223,33,3,253,147,158,165,56,132,128,196,64,235,183,153,246,34,32,135,71,216,4,120,53,54,171,218,6,75,17,198,241,144,233,60,213,234,125,95,254,234,120,125,235,16,82,19,138,104,27,229,156,201,75,55,149,25,13,18,190,95,236,2,179,67,59,19,130,168,126,101,51,104,46,17,245,35,16,144,153,40,236,255,45,33,239,116,155,79,148,46,30,183,103,138,173,34,192,117,122,6,219,68,218,54,10,148,103,40,94,219,100,243,45,124,58,90,171,182,129,246,34,8,135,97,184,43,140,2,41,107,11,251,171,106,90,81,193,167,122,97,113,107,209,183,84,241,84,17,247,11,252,77,139,210,220,105,47,147,226,117,249,178,106,127,143,51,169,118,167,173,2,114,156,145,114,114,133,8,200,225,9,28,229,96,61,202,41,29,182,181,134,153,182,108,135,163,51,139,131,145,164,235,115,0,238,71,240,100,241,141,119,70,177,5,132,236,141,169,104,243,185,7,134,122,35,11,202,103,86,239,181,174,89,155,171,179,142,135,25,221,50,231,139,128,28,4,62,177,236,241,72,64,190,1,100,173,35,194,150,91,231,191,215,76,200,169,48,247,162,23,86,7,186,177,127,221,173,231,124,162,226,54,148,128,227,160,6,89,178,209,152,133,151,105,207,31,183,47,169,82,245,233,45,71,151,251,14,208,94,241,130,64,23,152,186,178,41,242,139,71,69,82,13,85,181,89,171,102,98,196,234,118,69,181,12,243,208,36,174,73,159,208,225,12,90,195,173,232,244,200,110,222,116,200,5,73,220,168,141,219,124,254,1,248,188,198,198,172,99,166,177,49,107,93,37,85,50,47,8,116,189,110,235,179,78,181,246,10,45,6,178,82,231,221,241,158,99,87,189,119,222,153,247,168,138,160,215,70,123,196,216,2,43,245,123,30,175,64,123,124,32,170,233,183,81,64,152,198,70,253,252,226,106,53,99,93,198,181,237,143,44,158,28,213,168,210,76,150,68,253,119,47,90,99,89,159,89,213,46,83,245,153,93,111,86,234,89,236,33,26,97,116,164,188,193,62,1,201,59,76,99,195,45,189,132,121,64,162,233,7,186,65,14,32,32,51,87,119,56,54,149,179,98,48,14,11,200,247,163,182,53,172,114,141,94,250,7,251,4,68,187,124,207,70,255,174,208,70,23,42,11,241,103,238,254,128,128,124,79,4,228,32,192,117,22,201,46,42,214,216,187,54,58,182,181,212,153,117,239,7,186,154,220,53,163,161,221,202,38,204,240,104,125,6,17,117,142,82,159,99,99,86,244,184,165,27,247,83,177,108,105,151,106,21,84,213,236,218,223,72,175,107,181,202,72,175,74,181,68,70,250,215,177,199,135,233,134,27,110,93,211,6,58,129,167,107,213,229,14,163,55,214,112,27,5,132,105,220,213,72,103,94,16,232,2,231,255,253,186,253,220,188,236,2,180,205,205,139,61,206,70,156,225,245,98,7,7,15,204,120,157,9,139,47,1,151,95,68,80,211,186,125,30,200,205,203,188,32,112,112,230,179,58,80,136,61,126,20,195,53,89,183,255,115,187,170,9,179,209,45,119,5,210,55,88,189,250,164,141,57,109,18,40,236,25,243,89,157,106,194,68,141,235,154,149,123,59,93,189,233,92,185,77,179,56,60,63,207,29,67,126,134,253,173,44,118,0,243,208,123,149,84,147,238,10,72,103,178,98,34,195,137,108,118,17,182,42,213,57,179,228,50,168,89,239,210,30,199,90,81,11,66,66,80,221,160,110,143,107,177,183,247,104,159,83,172,117,69,243,160,161,140,36,43,118,87,64,172,79,119,71,205,55,119,41,255,111,156,124,119,19,115,170,238,128,137,34,85,63,114,169,106,178,161,157,25,110,42,166,223,42,183,169,155,202,151,75,186,251,0,1,116,116,183,190,96,202,205,116,206,77,188,216,72,12,228,94,179,95,46,116,253,183,151,10,163,27,237,79,224,34,143,230,150,60,165,10,144,50,214,151,11,124,176,96,74,58,189,31,86,39,237,44,185,245,172,46,185,237,28,51,240,143,198,164,89,206,234,189,131,167,77,21,202,245,155,208,30,171,225,60,44,199,216,195,179,81,187,86,219,60,87,93,5,196,147,146,219,238,16,59,239,120,7,106,218,80,159,179,89,160,43,136,9,121,212,64,26,122,244,31,233,179,15,123,5,19,144,206,91,247,45,120,213,22,145,208,140,74,100,218,136,249,236,141,72,51,77,15,212,180,33,33,93,222,15,173,71,239,215,246,39,109,95,219,159,3,170,134,25,53,68,243,109,93,60,85,184,153,23,93,237,54,90,159,44,5,61,30,55,176,180,253,233,33,193,173,110,28,119,144,155,100,164,225,174,188,170,192,2,50,3,183,199,239,233,246,56,35,225,151,134,128,72,227,184,158,19,220,234,214,163,251,19,187,115,30,199,15,58,35,194,171,66,199,173,203,21,250,64,177,186,76,249,131,251,86,46,94,105,61,218,195,147,197,218,230,213,7,220,115,58,112,146,141,74,159,190,51,106,214,22,171,235,255,98,47,30,70,195,179,208,233,121,255,134,231,222,231,166,56,104,153,47,1,1,145,230,213,61,100,54,187,199,31,28,134,224,215,20,178,195,137,161,218,61,129,231,126,45,161,58,81,218,157,13,43,227,15,122,1,182,15,208,57,140,128,156,143,225,148,205,253,221,105,209,77,103,35,55,233,44,250,217,170,85,149,96,66,169,24,232,180,100,128,78,31,120,102,172,27,193,118,40,59,132,22,215,130,63,12,162,167,251,179,105,155,113,123,68,207,187,151,103,130,148,134,253,33,35,216,250,138,248,157,67,60,171,51,164,58,248,246,158,48,220,213,16,132,191,4,125,178,56,194,254,23,9,85,166,27,244,57,126,198,126,119,83,52,8,179,13,134,174,186,177,220,116,139,213,180,101,60,33,254,33,67,60,123,115,26,87,91,56,6,250,176,39,35,231,98,249,193,209,134,253,244,107,218,243,199,250,178,55,174,122,134,78,45,137,235,68,73,245,156,127,77,164,131,33,137,18,96,178,3,142,129,110,180,175,103,87,137,168,89,42,224,214,162,245,122,59,50,102,15,9,103,68,233,19,193,185,244,243,119,96,0,110,220,118,76,95,8,119,188,102,43,186,57,6,220,227,234,41,124,255,207,120,154,84,169,156,192,160,235,88,220,122,45,133,12,170,14,68,53,139,3,73,79,70,29,68,248,106,182,157,17,120,212,50,218,23,93,102,36,50,46,136,251,185,94,103,4,232,166,17,225,105,198,0,209,223,121,56,56,226,150,171,86,17,77,161,94,221,132,253,63,41,249,87,189,71,230,66,35,8,118,146,205,200,140,167,66,103,122,35,231,147,113,138,121,254,24,100,215,182,195,16,189,52,217,184,175,199,109,140,140,3,163,1,223,217,174,122,94,249,225,231,185,145,29,9,206,57,202,6,169,207,91,77,83,166,161,225,189,90,88,10,135,158,213,215,49,6,61,110,226,238,28,116,130,206,225,207,198,167,118,217,204,0,31,66,151,142,199,57,30,130,27,164,67,149,232,246,194,27,103,4,214,162,239,235,186,214,196,211,217,114,55,109,167,35,131,105,6,183,244,28,116,90,217,4,218,10,163,247,152,225,212,72,182,124,133,145,208,182,214,234,121,23,90,191,158,131,188,168,174,12,220,22,77,123,234,241,97,225,43,134,90,143,161,61,255,9,33,140,26,51,60,111,243,13,139,78,143,21,134,3,131,19,81,43,36,56,216,27,134,75,183,70,39,231,28,20,213,176,97,103,101,9,105,60,221,25,224,140,220,151,47,147,176,220,64,235,90,90,215,177,77,66,106,208,137,61,173,207,136,173,108,117,166,45,223,233,184,169,124,133,155,14,71,168,149,10,43,72,197,170,68,60,129,86,48,57,97,247,52,169,41,160,97,22,52,85,52,22,232,181,218,146,63,206,104,161,185,44,110,97,19,2,168,87,92,184,244,32,246,121,7,79,160,234,207,194,41,20,75,141,52,74,127,111,189,144,199,28,88,215,167,43,112,152,102,76,59,236,243,49,166,169,216,30,125,0,236,31,55,50,86,89,77,217,72,76,49,206,166,147,50,10,18,146,78,93,13,131,156,83,63,46,234,239,61,50,110,224,200,184,17,140,247,6,212,48,199,173,105,178,203,150,212,52,219,8,26,94,173,131,154,162,94,245,181,247,35,74,202,171,33,245,162,220,75,91,208,73,164,62,235,112,106,59,237,143,107,194,127,137,253,253,59,49,196,177,133,40,119,53,28,3,81,92,228,225,132,31,156,165,24,48,85,124,245,133,105,196,180,50,250,239,62,97,187,55,178,244,110,17,191,243,22,185,18,6,48,143,23,171,84,159,45,218,82,156,83,145,8,124,81,77,43,51,231,137,164,251,95,106,140,174,126,195,131,45,16,79,229,11,32,32,121,221,40,206,87,125,120,55,25,193,195,74,47,21,148,39,138,168,138,198,191,253,94,228,92,96,90,109,1,237,174,212,233,55,114,123,244,199,73,121,188,209,133,239,62,157,126,82,184,91,36,174,58,136,176,55,134,108,13,63,224,204,221,155,113,114,231,177,167,215,56,187,150,91,250,23,50,111,140,113,192,179,8,225,6,142,210,79,184,252,118,57,173,73,158,238,94,232,76,44,176,90,170,90,139,234,180,146,251,162,110,153,76,67,185,61,250,69,223,14,162,91,100,22,34,212,89,98,214,75,248,244,236,111,93,22,221,20,135,16,243,143,130,254,252,3,156,136,145,11,151,79,238,58,34,252,232,75,214,119,168,104,122,225,15,144,60,119,69,39,33,9,226,56,68,34,87,243,86,184,201,103,51,115,86,55,4,10,151,133,177,29,217,62,82,201,155,89,208,108,22,110,20,97,232,254,186,69,8,241,124,26,102,64,252,167,233,179,179,250,3,225,113,210,223,171,106,119,177,42,117,18,58,254,173,192,56,179,54,60,59,139,136,240,77,244,59,99,104,15,67,139,93,179,18,243,91,157,106,61,96,244,4,168,50,143,99,159,209,126,217,134,155,79,255,254,209,254,46,80,194,141,207,182,208,211,81,149,37,211,78,132,163,0,215,54,33,121,140,209,61,240,246,120,31,117,62,169,172,219,229,92,184,90,77,181,58,26,49,133,91,17,13,207,25,193,190,223,195,224,188,144,25,113,198,146,156,147,176,204,229,92,185,50,235,76,111,220,19,185,199,103,227,6,121,15,239,176,15,184,91,74,184,140,123,156,125,220,216,238,196,151,238,232,83,225,136,235,142,37,183,227,153,220,10,105,140,231,75,212,188,32,170,68,178,177,61,170,56,100,134,221,70,170,207,133,236,73,234,137,81,92,181,172,85,143,86,227,168,110,38,248,52,70,5,252,20,193,183,168,17,219,38,204,250,187,138,136,60,74,53,134,43,1,23,229,232,101,218,102,242,50,116,114,103,194,241,104,167,244,170,113,11,178,218,243,8,173,191,229,94,94,110,186,247,183,10,211,64,121,245,152,38,68,27,60,107,62,211,204,19,195,188,160,6,251,72,35,40,199,109,54,71,117,167,30,130,78,56,39,86,175,50,108,207,70,87,113,54,36,255,15,2,17,49,15,167,116,252,67,194,15,71,107,67,183,120,189,119,123,111,71,169,84,15,110,36,113,38,166,244,254,216,232,8,185,23,55,227,18,122,71,151,211,243,167,55,116,16,126,186,159,33,140,70,118,163,12,183,243,131,82,16,85,104,98,215,102,35,247,225,5,134,170,181,130,24,96,196,161,8,65,2,225,76,173,85,83,171,78,54,236,138,215,140,19,149,189,81,47,176,106,64,39,96,21,253,222,177,137,213,251,28,55,53,112,136,235,194,72,166,219,146,11,187,166,161,19,203,107,16,146,14,212,211,115,214,194,13,92,119,226,169,33,70,193,17,31,92,76,3,224,53,82,173,46,80,110,221,90,25,171,86,216,91,132,91,237,52,116,206,44,207,194,78,184,126,114,237,238,15,120,73,226,196,220,115,214,112,154,57,49,123,38,156,170,170,239,116,204,34,103,156,158,220,240,185,158,51,77,85,251,153,84,174,108,48,36,209,49,14,105,209,129,17,242,45,250,55,168,111,223,105,216,42,111,178,119,142,179,2,72,160,78,152,90,215,236,28,204,17,193,56,103,220,51,13,128,91,166,201,60,166,145,141,179,73,6,141,61,66,139,243,159,150,130,168,27,73,29,74,86,107,247,34,19,102,56,49,253,24,165,38,233,236,215,38,195,174,216,136,105,181,87,211,223,144,254,157,47,31,172,193,43,87,215,210,171,82,88,18,128,74,244,217,122,197,72,173,207,162,112,109,1,225,106,76,20,87,73,212,233,72,189,75,118,71,181,14,86,38,129,215,14,237,4,200,15,23,187,195,14,123,228,52,163,198,249,5,250,255,36,110,150,7,17,48,139,236,138,157,152,188,116,35,157,154,231,146,0,41,66,199,100,112,253,251,194,146,226,196,66,101,171,124,8,129,199,7,140,152,79,228,176,184,95,103,39,7,103,196,233,6,66,157,199,104,250,249,162,209,67,224,52,177,59,44,128,88,125,96,214,74,188,98,24,216,102,188,130,93,181,183,146,80,76,81,6,104,99,135,138,115,8,28,10,175,176,243,232,16,241,116,214,192,66,196,52,34,213,116,15,240,253,109,186,125,230,24,217,214,175,68,9,147,76,27,1,27,110,145,250,22,93,7,174,111,142,119,140,211,238,1,58,217,166,115,190,148,91,191,195,250,150,56,214,222,42,245,57,39,254,157,157,200,59,83,209,240,52,236,147,125,192,117,36,52,239,40,26,16,45,188,122,193,181,117,170,214,172,181,251,162,33,160,59,64,176,159,170,49,205,116,154,77,186,117,171,32,169,143,240,172,70,55,251,106,220,195,63,27,145,250,237,180,230,206,188,191,93,82,73,172,61,233,200,32,140,165,85,97,206,245,134,65,254,168,110,147,19,56,18,201,237,27,192,140,70,190,77,86,225,166,102,215,240,245,177,76,110,136,43,35,212,108,63,225,148,222,60,20,69,68,187,141,26,132,209,158,207,158,22,233,255,218,83,24,114,203,235,81,235,161,83,185,73,4,132,131,213,171,175,169,92,52,185,57,74,72,13,240,131,10,8,73,83,103,83,131,76,48,237,178,31,118,72,37,91,15,160,42,149,143,156,33,103,195,61,222,142,78,51,183,112,250,191,220,206,165,38,36,28,4,75,169,161,54,215,65,63,102,33,121,147,8,122,169,199,163,145,37,120,213,61,92,174,234,116,229,62,110,24,230,223,36,193,24,225,73,235,158,82,181,73,2,135,59,26,178,241,104,120,183,216,128,191,185,84,38,49,21,223,222,224,131,38,40,67,16,48,106,49,196,53,247,11,93,21,8,20,28,150,188,186,53,121,185,82,15,146,70,156,100,143,26,23,144,9,62,81,189,74,154,7,28,20,119,92,61,153,81,185,85,215,27,17,242,237,116,107,124,209,245,195,97,162,86,13,148,83,48,213,74,42,2,231,99,169,180,147,71,12,255,61,159,136,23,235,81,206,114,18,70,192,1,190,234,85,157,246,198,10,195,149,203,83,124,47,43,149,116,127,129,238,24,153,181,45,145,145,121,26,114,183,178,70,212,125,9,51,3,143,92,24,236,132,135,131,163,220,211,147,115,159,50,210,116,158,38,53,171,170,106,249,118,39,33,135,201,192,102,0,79,167,100,207,51,82,229,153,9,158,231,220,35,85,97,71,170,5,23,27,13,38,136,103,114,78,50,173,202,117,207,68,37,224,54,224,38,160,117,55,9,197,199,48,32,72,152,104,48,8,73,197,117,143,68,245,36,15,25,13,14,248,86,185,159,84,177,137,92,50,58,24,178,123,19,139,67,196,54,184,251,72,240,57,228,91,69,42,40,119,72,249,178,219,71,243,77,4,74,234,196,84,157,16,163,202,68,46,223,125,195,232,82,194,6,233,119,185,4,215,213,245,18,3,244,160,224,182,60,225,80,186,21,166,32,67,183,21,239,207,7,198,195,244,239,149,110,58,87,38,194,49,136,193,77,229,156,41,119,169,68,188,209,232,150,98,214,140,112,66,222,183,232,100,253,68,204,207,13,152,27,5,221,97,202,73,0,198,162,1,133,217,194,232,13,85,151,207,61,200,56,165,36,35,198,184,64,100,155,232,150,66,51,209,87,42,48,42,235,152,105,190,67,12,53,190,84,61,94,231,235,158,98,14,138,157,38,163,145,244,187,134,96,108,215,189,189,194,209,177,218,221,101,226,165,18,216,15,170,84,201,232,30,221,193,209,87,125,165,158,232,50,235,131,79,218,213,40,205,61,185,210,111,118,98,190,221,197,86,156,60,56,174,49,171,82,213,49,188,102,45,154,201,69,239,196,51,32,215,209,141,17,247,212,188,14,81,167,4,14,39,40,233,156,51,125,149,170,47,225,140,213,171,80,12,212,106,48,85,14,117,237,183,122,170,181,103,112,204,156,5,175,58,9,75,166,59,121,245,205,78,181,106,179,67,134,183,118,68,44,128,203,54,107,188,195,14,45,24,225,172,168,133,107,34,35,53,28,2,221,128,169,181,89,37,40,170,1,155,175,78,223,123,80,114,218,222,69,53,225,246,64,255,196,179,202,121,226,44,183,41,45,244,40,52,55,157,117,226,169,150,50,47,195,183,95,48,1,131,124,126,130,134,113,237,134,93,197,41,55,181,180,207,42,186,49,134,179,75,187,170,70,170,43,5,122,1,137,218,237,142,167,123,0,87,96,174,222,66,180,29,109,238,50,102,109,183,158,44,165,234,36,190,64,66,53,141,214,153,196,136,35,98,245,173,202,33,208,23,16,203,100,157,164,223,198,234,83,185,154,18,171,247,52,23,45,124,54,224,118,48,133,184,9,234,226,87,105,63,159,150,212,116,129,126,131,184,159,119,42,235,213,216,131,227,137,49,93,116,43,124,18,55,137,201,148,81,33,209,31,96,244,47,87,167,186,31,126,150,126,86,242,60,17,110,122,192,12,238,250,249,163,216,248,103,151,43,169,58,236,93,26,234,166,153,137,67,250,44,24,161,70,183,101,72,208,136,185,233,111,61,52,83,248,38,231,147,209,122,22,183,196,222,46,207,222,142,201,83,236,133,139,209,94,71,158,250,119,207,75,222,153,64,1,213,154,84,139,19,175,107,46,67,44,101,2,226,41,107,145,227,181,211,8,184,117,29,230,217,140,88,203,107,176,101,126,14,117,232,135,232,196,194,193,203,31,161,251,33,167,151,255,26,81,255,205,176,127,218,187,124,231,62,8,196,139,40,100,226,228,194,9,156,177,156,172,33,219,162,94,146,10,5,138,173,134,213,181,70,174,98,86,123,78,33,6,157,136,81,9,183,97,50,45,11,194,91,16,156,240,0,76,126,184,181,15,174,231,109,112,59,111,64,187,212,111,161,14,127,28,123,214,56,190,145,164,91,110,176,165,202,8,148,32,84,214,53,59,39,46,121,153,133,102,168,178,21,252,224,35,184,105,102,130,169,249,198,249,6,173,69,180,22,235,222,184,106,45,198,103,223,132,7,138,111,132,139,57,101,159,91,240,144,186,116,54,223,14,113,18,134,89,107,246,58,227,107,119,10,178,5,4,4,4,4,4,4,4,4,4,4,4,4,4,4,4,4,4,4,4,4,4,4,4,4,4,4,4,4,4,4,4,4,4,138,11,255,15,75,142,31,75,168,0,163,59,0,0,0,37,116,69,88,116,100,97,116,101,58,99,114,101,97,116,101,0,50,48,49,53,45,48,56,45,49,55,84,48,57,58,53,50,58,50,53,45,48,52,58,48,48,249,31,172,187,0,0,0,37,116,69,88,116,100,97,116,101,58,109,111,100,105,102,121,0,50,48,49,53,45,48,56,45,49,55,84,48,57,58,53,50,58,50,53,45,48,52,58,48,48,136,66,20,7,0,0,0,0,73,69,78,68,174,66,96,130]
		},
		"grade":11,
		"gender":"F",
		"rate":5,
		"pupilGender":null,
		"starttime":"12:00:00",
		"endtime":"15:00:00"
	},
	{
		"studentid":"063778463",
		"subjectname":"math",
		"points":5,
		"fullname":"דני מועלם",
		"bio":"Hi Im 10th grader",
		"profile_img":null,
		"grade":10,
		"gender":"M",
		"rate":5,
		"pupilGender":null,
		"starttime":"12:00:00",
		"endtime":"15:00:00"
	},
	{
		"studentid":"254638563",
		"subjectname":"math",
		"points":5,"fullname":"אורי גרנביץ",
		"bio":"Hi Im 12th grader",
		"profile_img":null,
		"grade":12,
		"gender":"M",
		"rate":5,
		"pupilGender":null,
		"starttime":"12:00:00",
		"endtime":"15:00:00"
	},
	{
		"studentid":"365485536",
		"subjectname":"math",
		"points":5,
		"fullname":"שירה לוי",
		"bio":"Hi Im 11th grader",
		"profile_img":null,
		"grade":11,
		"gender":"F",
		"rate":5,
		"pupilGender":null,
		"starttime":"12:00:00",
		"endtime":"15:00:00"
	}
]